512	2	1	4	0.660651
512	2	2	4	0.332411
512	2	4	4	0.189852
512	2	6	4	0.127135
512	2	8	4	0.100426
512	2	10	4	0.133858
512	2	12	4	0.126882
512	2	14	4	0.118763
512	2	16	4	0.099694
512	2	1	8	0.636009
512	2	2	8	0.321761
512	2	4	8	0.167087
512	2	6	8	0.116933
512	2	8	8	0.093437
512	2	10	8	0.132695
512	2	12	8	0.128417
512	2	14	8	0.112720
512	2	16	8	0.095640
512	2	1	16	0.751112
512	2	2	16	0.373860
512	2	4	16	0.192815
512	2	6	16	0.146669
512	2	8	16	0.108955
512	2	10	16	0.131090
512	2	12	16	0.118891
512	2	14	16	0.124377
512	2	16	16	0.099862
512	2	1	32	0.677214
512	2	2	32	0.341332
512	2	4	32	0.175885
512	2	6	32	0.134683
512	2	8	32	0.097704
512	2	10	32	0.105197
512	2	12	32	0.114395
512	2	14	32	0.135299
512	2	16	32	0.093210
512	2	1	64	0.646019
512	2	2	64	0.325122
512	2	4	64	0.167233
512	2	6	64	0.168234
512	2	8	64	0.093169
512	2	10	64	0.095518
512	2	12	64	0.096563
512	2	14	64	0.101178
512	2	16	64	0.104001
512	3	1	4	0.991343
512	3	2	4	0.500047
512	3	4	4	0.262176
512	3	6	4	0.183234
512	3	8	4	0.145198
512	3	10	4	0.198146
512	3	12	4	0.189400
512	3	14	4	0.170506
512	3	16	4	0.150941
512	3	1	8	0.959869
512	3	2	8	0.481426
512	3	4	8	0.249514
512	3	6	8	0.177608
512	3	8	8	0.140267
512	3	10	8	0.191155
512	3	12	8	0.192755
512	3	14	8	0.161100
512	3	16	8	0.143480
512	3	1	16	1.120921
512	3	2	16	0.563158
512	3	4	16	0.291939
512	3	6	16	0.223547
512	3	8	16	0.164194
512	3	10	16	0.192111
512	3	12	16	0.185492
512	3	14	16	0.186806
512	3	16	16	0.149969
512	3	1	32	1.013405
512	3	2	32	0.510003
512	3	4	32	0.263117
512	3	6	32	0.202012
512	3	8	32	0.146308
512	3	10	32	0.184679
512	3	12	32	0.209156
512	3	14	32	0.203075
512	3	16	32	0.140134
512	3	1	64	0.971685
512	3	2	64	0.486166
512	3	4	64	0.256133
512	3	6	64	0.252938
512	3	8	64	0.139627
512	3	10	64	0.142888
512	3	12	64	0.143357
512	3	14	64	0.153849
512	3	16	64	0.147943
512	4	1	4	1.324557
512	4	2	4	0.666813
512	4	4	4	0.344798
512	4	6	4	0.245106
512	4	8	4	0.197149
512	4	10	4	0.268993
512	4	12	4	0.250563
512	4	14	4	0.236316
512	4	16	4	0.203199
512	4	1	8	1.275983
512	4	2	8	0.641956
512	4	4	8	0.331306
512	4	6	8	0.238389
512	4	8	8	0.190593
512	4	10	8	0.276325
512	4	12	8	0.263459
512	4	14	8	0.226557
512	4	16	8	0.192772
512	4	1	16	1.495667
512	4	2	16	0.755348
512	4	4	16	0.386360
512	4	6	16	0.297891
512	4	8	16	0.220002
512	4	10	16	0.245846
512	4	12	16	0.242117
512	4	14	16	0.279458
512	4	16	16	0.214727
512	4	1	32	1.352239
512	4	2	32	0.680186
512	4	4	32	0.349882
512	4	6	32	0.269394
512	4	8	32	0.198014
512	4	10	32	0.205186
512	4	12	32	0.218821
512	4	14	32	0.241757
512	4	16	32	0.189310
512	4	1	64	1.289403
512	4	2	64	0.649245
512	4	4	64	0.334317
512	4	6	64	0.336182
512	4	8	64	0.187315
512	4	10	64	0.191163
512	4	12	64	0.192997
512	4	14	64	0.203363
512	4	16	64	0.200295
512	5	1	4	1.650675
512	5	2	4	0.829607
512	5	4	4	0.432110
512	5	6	4	0.307014
512	5	8	4	0.246652
512	5	10	4	0.326649
512	5	12	4	0.319374
512	5	14	4	0.284931
512	5	16	4	0.271135
512	5	1	8	1.587905
512	5	2	8	0.797758
512	5	4	8	0.415195
512	5	6	8	0.299163
512	5	8	8	0.238016
512	5	10	8	0.345953
512	5	12	8	0.305559
512	5	14	8	0.280079
512	5	16	8	0.246007
512	5	1	16	1.853024
512	5	2	16	0.937712
512	5	4	16	0.482908
512	5	6	16	0.371629
512	5	8	16	0.277225
512	5	10	16	0.315441
512	5	12	16	0.255786
512	5	14	16	0.278555
512	5	16	16	0.253792
512	5	1	32	1.687129
512	5	2	32	0.848936
512	5	4	32	0.437495
512	5	6	32	0.336472
512	5	8	32	0.249299
512	5	10	32	0.268187
512	5	12	32	0.271283
512	5	14	32	0.346595
512	5	16	32	0.237426
512	5	1	64	1.616408
512	5	2	64	0.814656
512	5	4	64	0.417901
512	5	6	64	0.420461
512	5	8	64	0.238213
512	5	10	64	0.242697
512	5	12	64	0.242875
512	5	14	64	0.251286
512	5	16	64	0.269371
512	6	1	4	1.978882
512	6	2	4	1.002512
512	6	4	4	0.515919
512	6	6	4	0.371859
512	6	8	4	0.296209
512	6	10	4	0.417233
512	6	12	4	0.368849
512	6	14	4	0.345048
512	6	16	4	0.307223
512	6	1	8	1.903938
512	6	2	8	0.963847
512	6	4	8	0.497994
512	6	6	8	0.360913
512	6	8	8	0.285622
512	6	10	8	0.418734
512	6	12	8	0.392748
512	6	14	8	0.337909
512	6	16	8	0.292766
512	6	1	16	2.238157
512	6	2	16	1.123027
512	6	4	16	0.580750
512	6	6	16	0.449521
512	6	8	16	0.331906
512	6	10	16	0.456336
512	6	12	16	0.364954
512	6	14	16	0.387584
512	6	16	16	0.307402
512	6	1	32	2.032307
512	6	2	32	1.019080
512	6	4	32	0.525080
512	6	6	32	0.405950
512	6	8	32	0.299002
512	6	10	32	0.311401
512	6	12	32	0.318434
512	6	14	32	0.424280
512	6	16	32	0.287531
512	6	1	64	1.934701
512	6	2	64	0.971864
512	6	4	64	0.501626
512	6	6	64	0.505804
512	6	8	64	0.285771
512	6	10	64	0.292445
512	6	12	64	0.291255
512	6	14	64	0.306618
512	6	16	64	0.374979
512	7	1	4	2.322683
512	7	2	4	1.161619
512	7	4	4	0.602726
512	7	6	4	0.435160
512	7	8	4	0.343299
512	7	10	4	0.485914
512	7	12	4	0.452513
512	7	14	4	0.399497
512	7	16	4	0.357185
512	7	1	8	2.223677
512	7	2	8	1.129321
512	7	4	8	0.582204
512	7	6	8	0.422076
512	7	8	8	0.332655
512	7	10	8	0.455833
512	7	12	8	0.441784
512	7	14	8	0.415804
512	7	16	8	0.339665
512	7	1	16	2.603887
512	7	2	16	1.311495
512	7	4	16	0.677873
512	7	6	16	0.528535
512	7	8	16	0.385817
512	7	10	16	0.449826
512	7	12	16	0.424231
512	7	14	16	0.430352
512	7	16	16	0.361457
512	7	1	32	2.364580
512	7	2	32	1.198790
512	7	4	32	0.616035
512	7	6	32	0.477723
512	7	8	32	0.348929
512	7	10	32	0.365953
512	7	12	32	0.368937
512	7	14	32	0.505791
512	7	16	32	0.333213
512	7	1	64	2.255253
512	7	2	64	1.135575
512	7	4	64	0.588886
512	7	6	64	0.594950
512	7	8	64	0.334986
512	7	10	64	0.340241
512	7	12	64	0.339404
512	7	14	64	0.351991
512	7	16	64	0.352566
512	8	1	4	2.638908
512	8	2	4	1.330224
512	8	4	4	0.688450
512	8	6	4	0.499308
512	8	8	4	0.394435
512	8	10	4	0.570868
512	8	12	4	0.500566
512	8	14	4	0.482912
512	8	16	4	0.413415
512	8	1	8	2.544698
512	8	2	8	1.278751
512	8	4	8	0.662577
512	8	6	8	0.482654
512	8	8	8	0.381298
512	8	10	8	0.520716
512	8	12	8	0.488520
512	8	14	8	0.442719
512	8	16	8	0.436587
512	8	1	16	2.987641
512	8	2	16	1.496023
512	8	4	16	0.772869
512	8	6	16	0.602153
512	8	8	16	0.441498
512	8	10	16	0.536655
512	8	12	16	0.484746
512	8	14	16	0.505310
512	8	16	16	0.407650
512	8	1	32	2.699487
512	8	2	32	1.358591
512	8	4	32	0.701584
512	8	6	32	0.550682
512	8	8	32	0.399351
512	8	10	32	0.523522
512	8	12	32	0.539672
512	8	14	32	0.558753
512	8	16	32	0.396670
512	8	1	64	2.579744
512	8	2	64	1.296777
512	8	4	64	0.668354
512	8	6	64	0.679864
512	8	8	64	0.380909
512	8	10	64	0.385516
512	8	12	64	0.388575
512	8	14	64	0.401946
512	8	16	64	0.434206
512	9	1	4	2.975480
512	9	2	4	1.500098
512	9	4	4	0.775190
512	9	6	4	0.565909
512	9	8	4	0.444244
512	9	10	4	0.643374
512	9	12	4	0.558720
512	9	14	4	0.523676
512	9	16	4	0.462821
512	9	1	8	2.865930
512	9	2	8	1.444100
512	9	4	8	0.750092
512	9	6	8	0.546053
512	9	8	8	0.429406
512	9	10	8	0.610142
512	9	12	8	0.571124
512	9	14	8	0.503863
512	9	16	8	0.440643
512	9	1	16	3.355892
512	9	2	16	1.687644
512	9	4	16	0.869632
512	9	6	16	0.680176
512	9	8	16	0.495561
512	9	10	16	0.627243
512	9	12	16	0.565500
512	9	14	16	0.587211
512	9	16	16	0.476259
512	9	1	32	3.038733
512	9	2	32	1.527601
512	9	4	32	0.791472
512	9	6	32	0.614522
512	9	8	32	0.448933
512	9	10	32	0.470422
512	9	12	32	0.499424
512	9	14	32	0.635162
512	9	16	32	0.429913
512	9	1	64	2.899368
512	9	2	64	1.457842
512	9	4	64	0.752746
512	9	6	64	0.765112
512	9	8	64	0.428648
512	9	10	64	0.451504
512	9	12	64	0.436457
512	9	14	64	0.477963
512	9	16	64	0.471277
512	10	1	4	3.304707
512	10	2	4	1.662804
512	10	4	4	0.953180
512	10	6	4	0.713735
512	10	8	4	0.561469
512	10	10	4	0.702849
512	10	12	4	0.643734
512	10	14	4	0.621058
512	10	16	4	0.562880
512	10	1	8	3.173625
512	10	2	8	1.594928
512	10	4	8	0.857179
512	10	6	8	0.768085
512	10	8	8	0.538658
512	10	10	8	0.716161
512	10	12	8	0.640213
512	10	14	8	0.589029
512	10	16	8	0.529517
512	10	1	16	3.717499
512	10	2	16	1.876564
512	10	4	16	0.965711
512	10	6	16	0.756111
512	10	8	16	0.552983
512	10	10	16	0.663440
512	10	12	16	0.610895
512	10	14	16	0.639075
512	10	16	16	0.515991
512	10	1	32	3.374794
512	10	2	32	1.696660
512	10	4	32	0.875783
512	10	6	32	0.682877
512	10	8	32	0.498699
512	10	10	32	0.522951
512	10	12	32	0.526805
512	10	14	32	0.726336
512	10	16	32	0.487778
512	10	1	64	3.223817
512	10	2	64	1.620109
512	10	4	64	0.835216
512	10	6	64	0.850110
512	10	8	64	0.476173
512	10	10	64	0.481887
512	10	12	64	0.485553
512	10	14	64	0.502476
512	10	16	64	0.503009
512	11	1	4	3.641198
512	11	2	4	1.827195
512	11	4	4	1.072093
512	11	6	4	0.770579
512	11	8	4	0.620953
512	11	10	4	0.811536
512	11	12	4	0.728629
512	11	14	4	0.679448
512	11	16	4	0.648507
512	11	1	8	3.494926
512	11	2	8	1.762733
512	11	4	8	0.910908
512	11	6	8	0.745400
512	11	8	8	0.697862
512	11	10	8	0.754376
512	11	12	8	0.690090
512	11	14	8	0.652873
512	11	16	8	0.591444
512	11	1	16	4.094032
512	11	2	16	2.057767
512	11	4	16	1.079038
512	11	6	16	0.997352
512	11	8	16	0.679929
512	11	10	16	0.766624
512	11	12	16	0.720143
512	11	14	16	0.717554
512	11	16	16	0.620677
512	11	1	32	3.715598
512	11	2	32	1.867307
512	11	4	32	0.963874
512	11	6	32	0.752472
512	11	8	32	0.552752
512	11	10	32	0.573680
512	11	12	32	0.584869
512	11	14	32	0.686118
512	11	16	32	0.526680
512	11	1	64	3.542945
512	11	2	64	1.782793
512	11	4	64	0.919133
512	11	6	64	0.935933
512	11	8	64	0.523615
512	11	10	64	0.535431
512	11	12	64	0.539767
512	11	14	64	0.557975
512	11	16	64	0.566424
512	12	1	4	3.958653
512	12	2	4	1.996815
512	12	4	4	1.158666
512	12	6	4	0.852846
512	12	8	4	0.674274
512	12	10	4	0.856210
512	12	12	4	0.797123
512	12	14	4	0.741808
512	12	16	4	0.714967
512	12	1	8	3.810896
512	12	2	8	1.920007
512	12	4	8	1.035644
512	12	6	8	0.873837
512	12	8	8	0.650112
512	12	10	8	0.838570
512	12	12	8	0.741734
512	12	14	8	0.732382
512	12	16	8	0.639059
512	12	1	16	4.458395
512	12	2	16	2.238939
512	12	4	16	1.266324
512	12	6	16	0.987179
512	12	8	16	0.742802
512	12	10	16	0.825181
512	12	12	16	0.778276
512	12	14	16	0.826961
512	12	16	16	0.666718
512	12	1	32	4.058232
512	12	2	32	2.044120
512	12	4	32	1.050121
512	12	6	32	0.819649
512	12	8	32	0.597949
512	12	10	32	0.633582
512	12	12	32	0.648576
512	12	14	32	0.844416
512	12	16	32	0.572079
512	12	1	64	3.864727
512	12	2	64	1.948992
512	12	4	64	1.002355
512	12	6	64	1.020285
512	12	8	64	0.623726
512	12	10	64	0.733504
512	12	12	64	0.650340
512	12	14	64	0.681991
512	12	16	64	0.708798
512	13	1	4	4.292441
512	13	2	4	2.163914
512	13	4	4	1.248300
512	13	6	4	0.910603
512	13	8	4	0.731880
512	13	10	4	0.934176
512	13	12	4	0.835021
512	13	14	4	0.807294
512	13	16	4	0.731281
512	13	1	8	4.141890
512	13	2	8	2.080751
512	13	4	8	1.101589
512	13	6	8	0.960842
512	13	8	8	0.705198
512	13	10	8	0.911737
512	13	12	8	0.842432
512	13	14	8	0.785175
512	13	16	8	0.694067
512	13	1	16	4.836602
512	13	2	16	2.436659
512	13	4	16	1.255270
512	13	6	16	0.987862
512	13	8	16	0.721375
512	13	10	16	0.845107
512	13	12	16	0.814704
512	13	14	16	0.850500
512	13	16	16	0.669082
512	13	1	32	4.383994
512	13	2	32	2.210325
512	13	4	32	1.137806
512	13	6	32	0.919802
512	13	8	32	0.829852
512	13	10	32	0.739421
512	13	12	32	0.766556
512	13	14	32	0.874373
512	13	16	32	0.675742
512	13	1	64	4.194659
512	13	2	64	2.106212
512	13	4	64	1.085996
512	13	6	64	1.106229
512	13	8	64	0.619565
512	13	10	64	0.627021
512	13	12	64	0.629801
512	13	14	64	0.660809
512	13	16	64	0.662826
512	14	1	4	4.620932
512	14	2	4	2.329148
512	14	4	4	1.325880
512	14	6	4	0.983106
512	14	8	4	0.787296
512	14	10	4	1.006646
512	14	12	4	0.900762
512	14	14	4	0.872475
512	14	16	4	0.797580
512	14	1	8	4.455658
512	14	2	8	2.240656
512	14	4	8	1.309439
512	14	6	8	0.961510
512	14	8	8	0.757703
512	14	10	8	0.957525
512	14	12	8	0.888442
512	14	14	8	0.841038
512	14	16	8	0.758559
512	14	1	16	5.200870
512	14	2	16	2.629749
512	14	4	16	1.457787
512	14	6	16	1.150716
512	14	8	16	0.869256
512	14	10	16	0.953218
512	14	12	16	0.904061
512	14	14	16	0.937429
512	14	16	16	0.768655
512	14	1	32	4.734530
512	14	2	32	2.378195
512	14	4	32	1.225428
512	14	6	32	1.109233
512	14	8	32	0.785609
512	14	10	32	0.801548
512	14	12	32	0.796378
512	14	14	32	0.992312
512	14	16	32	0.709134
512	14	1	64	4.511838
512	14	2	64	2.267352
512	14	4	64	1.173446
512	14	6	64	1.190186
512	14	8	64	0.666763
512	14	10	64	0.676341
512	14	12	64	0.678986
512	14	14	64	0.702851
512	14	16	64	0.740305
512	15	1	4	4.931893
512	15	2	4	2.499987
512	15	4	4	1.421167
512	15	6	4	1.053847
512	15	8	4	0.844830
512	15	10	4	1.098422
512	15	12	4	0.971579
512	15	14	4	0.947837
512	15	16	4	0.846038
512	15	1	8	4.760550
512	15	2	8	2.411719
512	15	4	8	1.375418
512	15	6	8	1.020625
512	15	8	8	0.811134
512	15	10	8	1.063647
512	15	12	8	0.970462
512	15	14	8	0.905852
512	15	16	8	0.842306
512	15	1	16	5.600697
512	15	2	16	2.809580
512	15	4	16	1.480852
512	15	6	16	1.325272
512	15	8	16	0.933520
512	15	10	16	0.991110
512	15	12	16	0.984900
512	15	14	16	0.882697
512	15	16	16	0.869643
512	15	1	32	5.071063
512	15	2	32	2.547542
512	15	4	32	1.336512
512	15	6	32	1.201739
512	15	8	32	0.842741
512	15	10	32	0.850830
512	15	12	32	0.856003
512	15	14	32	1.048167
512	15	16	32	0.760348
512	15	1	64	4.835386
512	15	2	64	2.430177
512	15	4	64	1.257441
512	15	6	64	1.275494
512	15	8	64	0.714199
512	15	10	64	0.725844
512	15	12	64	0.726968
512	15	14	64	0.753406
512	15	16	64	0.754445
512	16	1	4	5.280606
512	16	2	4	2.664987
512	16	4	4	1.547233
512	16	6	4	1.142169
512	16	8	4	0.900790
512	16	10	4	1.153198
512	16	12	4	1.053708
512	16	14	4	1.009458
512	16	16	4	0.900251
512	16	1	8	5.107407
512	16	2	8	2.552210
512	16	4	8	1.479704
512	16	6	8	1.092591
512	16	8	8	0.891690
512	16	10	8	1.100811
512	16	12	8	1.016658
512	16	14	8	0.965881
512	16	16	8	0.847754
512	16	1	16	5.985440
512	16	2	16	3.000093
512	16	4	16	1.652688
512	16	6	16	1.316364
512	16	8	16	0.996639
512	16	10	16	1.086874
512	16	12	16	1.042897
512	16	14	16	1.078933
512	16	16	16	0.887085
512	16	1	32	5.402105
512	16	2	32	2.733099
512	16	4	32	1.401083
512	16	6	32	1.094974
512	16	8	32	0.798168
512	16	10	32	1.067190
512	16	12	32	0.926249
512	16	14	32	1.039675
512	16	16	32	0.765405
512	16	1	64	5.167851
512	16	2	64	2.594466
512	16	4	64	1.336519
512	16	6	64	1.361907
512	16	8	64	0.762388
512	16	10	64	0.771470
512	16	12	64	0.775906
512	16	14	64	0.809234
512	16	16	64	0.804575
1024	2	1	4	5.274971
1024	2	2	4	2.648248
1024	2	4	4	1.512378
1024	2	6	4	1.088977
1024	2	8	4	0.882394
1024	2	10	4	0.985346
1024	2	12	4	0.889270
1024	2	14	4	0.826470
1024	2	16	4	0.807667
1024	2	1	8	5.065423
1024	2	2	8	2.550880
1024	2	4	8	1.433437
1024	2	6	8	1.064883
1024	2	8	8	0.844439
1024	2	10	8	0.930809
1024	2	12	8	0.828207
1024	2	14	8	0.786660
1024	2	16	8	0.795282
1024	2	1	16	5.919921
1024	2	2	16	2.967846
1024	2	4	16	1.632646
1024	2	6	16	1.214375
1024	2	8	16	0.969015
1024	2	10	16	1.008371
1024	2	12	16	0.923535
1024	2	14	16	0.869322
1024	2	16	16	0.842852
1024	2	1	32	5.401307
1024	2	2	32	2.703671
1024	2	4	32	1.389358
1024	2	6	32	1.078850
1024	2	8	32	0.783181
1024	2	10	32	0.960818
1024	2	12	32	0.822016
1024	2	14	32	0.822498
1024	2	16	32	0.719672
1024	2	1	64	5.148914
1024	2	2	64	2.586206
1024	2	4	64	1.327613
1024	2	6	64	1.031612
1024	2	8	64	0.748183
1024	2	10	64	0.922640
1024	2	12	64	0.922082
1024	2	14	64	0.765252
1024	2	16	64	0.682807
1024	3	1	4	7.889509
1024	3	2	4	3.991793
1024	3	4	4	2.228029
1024	3	6	4	1.629185
1024	3	8	4	1.324225
1024	3	10	4	1.532653
1024	3	12	4	1.357133
1024	3	14	4	1.313315
1024	3	16	4	1.242510
1024	3	1	8	7.605122
1024	3	2	8	3.833784
1024	3	4	8	2.105402
1024	3	6	8	1.650036
1024	3	8	8	1.270844
1024	3	10	8	1.400197
1024	3	12	8	1.232898
1024	3	14	8	1.210647
1024	3	16	8	1.162040
1024	3	1	16	8.915166
1024	3	2	16	4.469180
1024	3	4	16	2.444394
1024	3	6	16	1.825838
1024	3	8	16	1.461455
1024	3	10	16	1.633751
1024	3	12	16	1.368351
1024	3	14	16	1.325794
1024	3	16	16	1.215942
1024	3	1	32	8.088917
1024	3	2	32	4.085095
1024	3	4	32	2.186693
1024	3	6	32	1.742984
1024	3	8	32	1.313935
1024	3	10	32	1.601512
1024	3	12	32	1.298646
1024	3	14	32	1.278177
1024	3	16	32	1.139834
1024	3	1	64	7.732110
1024	3	2	64	3.877307
1024	3	4	64	1.993176
1024	3	6	64	1.722892
1024	3	8	64	1.260115
1024	3	10	64	1.433910
1024	3	12	64	1.424228
1024	3	14	64	1.476049
1024	3	16	64	1.100652
1024	4	1	4	10.564517
1024	4	2	4	5.293471
1024	4	4	4	2.956441
1024	4	6	4	2.180470
1024	4	8	4	1.763642
1024	4	10	4	1.973336
1024	4	12	4	1.857072
1024	4	14	4	1.681567
1024	4	16	4	1.663976
1024	4	1	8	10.135806
1024	4	2	8	5.092692
1024	4	4	8	2.841762
1024	4	6	8	2.129096
1024	4	8	8	1.695462
1024	4	10	8	1.867302
1024	4	12	8	1.690605
1024	4	14	8	1.584358
1024	4	16	8	1.547687
1024	4	1	16	11.817393
1024	4	2	16	5.943757
1024	4	4	16	3.222670
1024	4	6	16	2.466080
1024	4	8	16	1.940476
1024	4	10	16	2.083615
1024	4	12	16	1.820537
1024	4	14	16	1.773742
1024	4	16	16	1.641318
1024	4	1	32	10.782724
1024	4	2	32	5.412823
1024	4	4	32	2.899887
1024	4	6	32	2.329562
1024	4	8	32	1.758954
1024	4	10	32	1.979387
1024	4	12	32	1.681213
1024	4	14	32	1.746844
1024	4	16	32	1.571408
1024	4	1	64	10.350941
1024	4	2	64	5.163490
1024	4	4	64	2.789469
1024	4	6	64	2.205240
1024	4	8	64	1.689102
1024	4	10	64	1.906306
1024	4	12	64	1.931498
1024	4	14	64	1.702406
1024	4	16	64	1.477483
1024	5	1	4	13.233302
1024	5	2	4	6.637361
1024	5	4	4	3.697130
1024	5	6	4	2.744533
1024	5	8	4	2.214667
1024	5	10	4	2.548930
1024	5	12	4	2.249390
1024	5	14	4	2.171243
1024	5	16	4	2.077778
1024	5	1	8	13.009633
1024	5	2	8	6.875826
1024	5	4	8	3.631282
1024	5	6	8	2.681511
1024	5	8	8	2.132000
1024	5	10	8	2.361443
1024	5	12	8	2.119645
1024	5	14	8	2.049716
1024	5	16	8	1.949645
1024	5	1	16	14.974625
1024	5	2	16	7.461935
1024	5	4	16	4.317046
1024	5	6	16	3.125473
1024	5	8	16	2.530820
1024	5	10	16	2.593684
1024	5	12	16	2.226365
1024	5	14	16	2.105370
1024	5	16	16	1.991100
1024	5	1	32	13.971304
1024	5	2	32	6.891521
1024	5	4	32	3.749916
1024	5	6	32	2.964584
1024	5	8	32	2.209667
1024	5	10	32	2.422264
1024	5	12	32	2.151387
1024	5	14	32	2.165486
1024	5	16	32	1.896462
1024	5	1	64	13.073939
1024	5	2	64	6.631813
1024	5	4	64	3.492462
1024	5	6	64	2.754163
1024	5	8	64	1.964897
1024	5	10	64	2.344239
1024	5	12	64	2.407056
1024	5	14	64	2.342811
1024	5	16	64	1.845192
1024	6	1	4	16.011691
1024	6	2	4	8.239035
1024	6	4	4	4.565019
1024	6	6	4	3.299606
1024	6	8	4	2.661585
1024	6	10	4	2.993924
1024	6	12	4	2.708914
1024	6	14	4	2.603781
1024	6	16	4	2.507244
1024	6	1	8	15.257275
1024	6	2	8	7.797066
1024	6	4	8	4.318763
1024	6	6	8	3.248656
1024	6	8	8	2.574550
1024	6	10	8	2.846262
1024	6	12	8	2.536756
1024	6	14	8	2.473979
1024	6	16	8	2.471993
1024	6	1	16	18.495078
1024	6	2	16	9.138869
1024	6	4	16	4.799732
1024	6	6	16	3.741637
1024	6	8	16	2.939046
1024	6	10	16	3.134830
1024	6	12	16	2.788471
1024	6	14	16	2.639645
1024	6	16	16	2.483064
1024	6	1	32	16.433587
1024	6	2	32	8.299701
1024	6	4	32	4.395119
1024	6	6	32	3.592820
1024	6	8	32	2.664363
1024	6	10	32	2.737681
1024	6	12	32	2.494089
1024	6	14	32	2.634289
1024	6	16	32	2.277064
1024	6	1	64	15.635930
1024	6	2	64	7.855357
1024	6	4	64	4.330935
1024	6	6	64	3.425524
1024	6	8	64	2.539052
1024	6	10	64	2.905979
1024	6	12	64	2.868390
1024	6	14	64	2.902540
1024	6	16	64	2.200436
1024	7	1	4	18.688875
1024	7	2	4	9.571460
1024	7	4	4	5.240017
1024	7	6	4	3.923484
1024	7	8	4	3.122126
1024	7	10	4	3.584728
1024	7	12	4	3.179907
1024	7	14	4	3.038634
1024	7	16	4	2.967838
1024	7	1	8	18.056258
1024	7	2	8	8.990643
1024	7	4	8	4.943313
1024	7	6	8	3.745517
1024	7	8	8	2.982179
1024	7	10	8	3.240358
1024	7	12	8	2.962302
1024	7	14	8	2.833555
1024	7	16	8	2.782410
1024	7	1	16	20.819873
1024	7	2	16	10.498630
1024	7	4	16	5.617021
1024	7	6	16	4.268969
1024	7	8	16	3.413267
1024	7	10	16	3.628200
1024	7	12	16	3.256683
1024	7	14	16	3.137181
1024	7	16	16	2.863234
1024	7	1	32	19.152752
1024	7	2	32	9.629269
1024	7	4	32	5.003545
1024	7	6	32	4.172990
1024	7	8	32	3.165782
1024	7	10	32	3.481861
1024	7	12	32	2.978379
1024	7	14	32	3.113247
1024	7	16	32	2.688236
1024	7	1	64	18.027690
1024	7	2	64	9.041294
1024	7	4	64	4.875287
1024	7	6	64	3.890550
1024	7	8	64	2.957068
1024	7	10	64	3.360039
1024	7	12	64	3.430001
1024	7	14	64	3.480068
1024	7	16	64	2.595549
1024	8	1	4	21.481672
1024	8	2	4	10.917069
1024	8	4	4	5.823307
1024	8	6	4	4.458028
1024	8	8	4	3.548464
1024	8	10	4	4.071965
1024	8	12	4	3.677213
1024	8	14	4	3.431097
1024	8	16	4	3.359153
1024	8	1	8	20.364927
1024	8	2	8	10.355229
1024	8	4	8	5.666816
1024	8	6	8	4.338162
1024	8	8	8	3.445152
1024	8	10	8	3.793905
1024	8	12	8	3.381766
1024	8	14	8	3.234525
1024	8	16	8	3.155150
1024	8	1	16	23.933146
1024	8	2	16	12.057078
1024	8	4	16	6.560728
1024	8	6	16	4.945004
1024	8	8	16	3.946469
1024	8	10	16	4.013822
1024	8	12	16	3.675925
1024	8	14	16	3.545038
1024	8	16	16	3.337767
1024	8	1	32	21.674394
1024	8	2	32	10.879861
1024	8	4	32	5.868948
1024	8	6	32	4.707009
1024	8	8	32	3.550024
1024	8	10	32	4.045041
1024	8	12	32	3.425381
1024	8	14	32	3.551660
1024	8	16	32	3.094581
1024	8	1	64	20.630385
1024	8	2	64	10.353466
1024	8	4	64	5.583310
1024	8	6	64	4.460532
1024	8	8	64	3.381421
1024	8	10	64	3.926566
1024	8	12	64	3.829180
1024	8	14	64	3.886640
1024	8	16	64	2.985993
1024	9	1	4	23.753660
1024	9	2	4	12.258280
1024	9	4	4	6.711515
1024	9	6	4	5.031088
1024	9	8	4	4.026045
1024	9	10	4	4.544250
1024	9	12	4	4.034312
1024	9	14	4	3.887954
1024	9	16	4	3.782233
1024	9	1	8	23.108141
1024	9	2	8	11.758213
1024	9	4	8	6.473649
1024	9	6	8	4.855538
1024	9	8	8	3.936658
1024	9	10	8	4.261883
1024	9	12	8	3.839214
1024	9	14	8	3.683098
1024	9	16	8	3.557957
1024	9	1	16	26.770033
1024	9	2	16	13.471772
1024	9	4	16	7.318985
1024	9	6	16	5.609295
1024	9	8	16	4.394884
1024	9	10	16	4.628579
1024	9	12	16	4.238149
1024	9	14	16	4.031594
1024	9	16	16	3.768724
1024	9	1	32	24.382966
1024	9	2	32	12.347823
1024	9	4	32	6.461549
1024	9	6	32	5.329398
1024	9	8	32	3.993191
1024	9	10	32	4.419343
1024	9	12	32	4.041764
1024	9	14	32	3.929773
1024	9	16	32	3.478195
1024	9	1	64	23.383105
1024	9	2	64	11.667919
1024	9	4	64	6.162822
1024	9	6	64	4.990541
1024	9	8	64	3.810269
1024	9	10	64	4.282299
1024	9	12	64	4.320052
1024	9	14	64	4.482744
1024	9	16	64	3.377256
1024	10	1	4	26.716512
1024	10	2	4	13.773508
1024	10	4	4	7.347138
1024	10	6	4	5.526040
1024	10	8	4	4.458046
1024	10	10	4	5.065738
1024	10	12	4	4.570923
1024	10	14	4	4.321250
1024	10	16	4	4.221753
1024	10	1	8	25.636674
1024	10	2	8	12.868274
1024	10	4	8	7.086140
1024	10	6	8	5.399012
1024	10	8	8	4.268387
1024	10	10	8	4.665939
1024	10	12	8	4.218869
1024	10	14	8	4.104936
1024	10	16	8	3.975142
1024	10	1	16	29.753441
1024	10	2	16	14.933209
1024	10	4	16	8.176095
1024	10	6	16	6.217327
1024	10	8	16	4.945337
1024	10	10	16	5.281454
1024	10	12	16	4.669059
1024	10	14	16	4.504205
1024	10	16	16	4.187072
1024	10	1	32	27.151736
1024	10	2	32	14.648327
1024	10	4	32	7.432761
1024	10	6	32	5.946116
1024	10	8	32	4.429163
1024	10	10	32	4.951083
1024	10	12	32	4.214425
1024	10	14	32	4.372663
1024	10	16	32	3.838293
1024	10	1	64	25.837196
1024	10	2	64	12.977563
1024	10	4	64	7.035906
1024	10	6	64	5.557174
1024	10	8	64	4.226946
1024	10	10	64	4.895724
1024	10	12	64	4.815536
1024	10	14	64	4.887724
1024	10	16	64	3.731739
1024	11	1	4	29.094228
1024	11	2	4	15.101942
1024	11	4	4	8.100519
1024	11	6	4	6.076836
1024	11	8	4	4.886498
1024	11	10	4	5.423292
1024	11	12	4	5.009069
1024	11	14	4	4.759617
1024	11	16	4	4.624204
1024	11	1	8	27.891147
1024	11	2	8	14.107884
1024	11	4	8	7.716302
1024	11	6	8	5.847739
1024	11	8	8	4.707047
1024	11	10	8	5.119600
1024	11	12	8	4.636956
1024	11	14	8	4.497683
1024	11	16	8	4.263215
1024	11	1	16	32.815923
1024	11	2	16	16.435802
1024	11	4	16	8.927969
1024	11	6	16	6.739470
1024	11	8	16	5.373124
1024	11	10	16	5.700242
1024	11	12	16	5.121422
1024	11	14	16	4.899632
1024	11	16	16	4.613103
1024	11	1	32	29.764922
1024	11	2	32	14.933435
1024	11	4	32	8.133100
1024	11	6	32	6.464517
1024	11	8	32	4.885740
1024	11	10	32	5.333945
1024	11	12	32	4.743516
1024	11	14	32	4.803509
1024	11	16	32	4.295192
1024	11	1	64	28.462255
1024	11	2	64	14.839507
1024	11	4	64	8.030708
1024	11	6	64	6.491220
1024	11	8	64	6.486505
1024	11	10	64	5.832469
1024	11	12	64	5.941940
1024	11	14	64	5.598578
1024	11	16	64	4.530897
1024	12	1	4	37.199735
1024	12	2	4	16.667534
1024	12	4	4	8.813843
1024	12	6	4	6.607014
1024	12	8	4	5.402747
1024	12	10	4	6.030894
1024	12	12	4	5.456517
1024	12	14	4	5.224660
1024	12	16	4	4.994411
1024	12	1	8	30.570575
1024	12	2	8	15.537036
1024	12	4	8	8.509546
1024	12	6	8	6.456002
1024	12	8	8	5.115560
1024	12	10	8	5.659461
1024	12	12	8	5.112626
1024	12	14	8	4.898522
1024	12	16	8	4.698570
1024	12	1	16	35.830636
1024	12	2	16	17.964227
1024	12	4	16	9.745953
1024	12	6	16	7.397579
1024	12	8	16	5.874327
1024	12	10	16	6.067992
1024	12	12	16	5.616341
1024	12	14	16	5.263418
1024	12	16	16	5.018251
1024	12	1	32	32.470740
1024	12	2	32	16.301525
1024	12	4	32	8.863929
1024	12	6	32	7.150836
1024	12	8	32	5.310644
1024	12	10	32	5.666294
1024	12	12	32	5.202221
1024	12	14	32	5.261805
1024	12	16	32	4.611783
1024	12	1	64	30.940882
1024	12	2	64	15.580566
1024	12	4	64	8.388585
1024	12	6	64	6.701462
1024	12	8	64	5.084853
1024	12	10	64	5.958045
1024	12	12	64	5.808790
1024	12	14	64	5.494950
1024	12	16	64	4.486569
1024	13	1	4	34.699031
1024	13	2	4	17.493586
1024	13	4	4	9.630197
1024	13	6	4	7.161733
1024	13	8	4	5.763516
1024	13	10	4	6.515118
1024	13	12	4	5.881057
1024	13	14	4	5.612025
1024	13	16	4	5.453169
1024	13	1	8	33.064820
1024	13	2	8	16.770799
1024	13	4	8	9.188208
1024	13	6	8	7.057255
1024	13	8	8	5.577555
1024	13	10	8	6.005060
1024	13	12	8	5.418979
1024	13	14	8	5.235786
1024	13	16	8	5.100294
1024	13	1	16	38.936237
1024	13	2	16	19.452994
1024	13	4	16	10.553181
1024	13	6	16	8.041948
1024	13	8	16	6.421252
1024	13	10	16	6.711572
1024	13	12	16	6.030193
1024	13	14	16	5.916790
1024	13	16	16	5.451771
1024	13	1	32	35.164781
1024	13	2	32	17.925428
1024	13	4	32	9.840056
1024	13	6	32	8.101015
1024	13	8	32	7.130925
1024	13	10	32	6.966840
1024	13	12	32	6.537344
1024	13	14	32	6.350296
1024	13	16	32	5.483168
1024	13	1	64	38.417812
1024	13	2	64	16.931544
1024	13	4	64	9.247466
1024	13	6	64	7.421404
1024	13	8	64	5.531623
1024	13	10	64	6.421054
1024	13	12	64	6.074310
1024	13	14	64	5.965859
1024	13	16	64	4.843794
1024	14	1	4	37.324158
1024	14	2	4	19.041295
1024	14	4	4	10.204938
1024	14	6	4	7.727435
1024	14	8	4	6.232819
1024	14	10	4	6.957245
1024	14	12	4	6.381777
1024	14	14	4	6.007341
1024	14	16	4	5.847746
1024	14	1	8	35.608756
1024	14	2	8	18.065610
1024	14	4	8	10.059533
1024	14	6	8	15.847334
1024	14	8	8	14.078462
1024	14	10	8	12.345436
1024	14	12	8	6.060641
1024	14	14	8	5.639987
1024	14	16	8	5.544847
1024	14	1	16	41.664017
1024	14	2	16	21.051697
1024	14	4	16	11.480446
1024	14	6	16	8.755011
1024	14	8	16	6.869551
1024	14	10	16	7.260900
1024	14	12	16	6.573273
1024	14	14	16	6.353561
1024	14	16	16	5.802127
1024	14	1	32	37.838065
1024	14	2	32	19.308908
1024	14	4	32	10.762174
1024	14	6	32	8.743103
1024	14	8	32	7.875154
1024	14	10	32	7.570366
1024	14	12	32	7.063739
1024	14	14	32	7.033749
1024	14	16	32	5.880607
1024	14	1	64	43.184708
1024	14	2	64	18.526126
1024	14	4	64	10.046941
1024	14	6	64	8.094079
1024	14	8	64	5.955743
1024	14	10	64	6.607814
1024	14	12	64	6.836153
1024	14	14	64	6.569515
1024	14	16	64	5.251969
1024	15	1	4	40.314442
1024	15	2	4	20.423528
1024	15	4	4	11.144641
1024	15	6	4	8.654321
1024	15	8	4	8.687180
1024	15	10	4	7.810547
1024	15	12	4	7.102912
1024	15	14	4	6.954979
1024	15	16	4	6.697936
1024	15	1	8	41.892391
1024	15	2	8	23.805884
1024	15	4	8	10.818328
1024	15	6	8	8.133850
1024	15	8	8	6.468380
1024	15	10	8	7.399501
1024	15	12	8	6.765303
1024	15	14	8	6.473142
1024	15	16	8	6.300154
1024	15	1	16	46.225020
1024	15	2	16	28.628938
1024	15	4	16	12.292091
1024	15	6	16	9.270820
1024	15	8	16	7.420284
1024	15	10	16	7.960247
1024	15	12	16	7.033619
1024	15	14	16	6.722449
1024	15	16	16	6.238691
1024	15	1	32	40.607470
1024	15	2	32	20.407022
1024	15	4	32	10.888680
1024	15	6	32	8.873258
1024	15	8	32	6.676250
1024	15	10	32	7.697350
1024	15	12	32	6.344834
1024	15	14	32	6.485603
1024	15	16	32	5.855303
1024	15	1	64	38.710123
1024	15	2	64	19.399981
1024	15	4	64	10.350463
1024	15	6	64	8.337634
1024	15	8	64	6.340657
1024	15	10	64	7.328037
1024	15	12	64	7.188986
1024	15	14	64	7.330075
1024	15	16	64	5.716422
1024	16	1	4	43.672777
1024	16	2	4	22.391915
1024	16	4	4	11.970395
1024	16	6	4	9.140754
1024	16	8	4	7.303085
1024	16	10	4	8.009381
1024	16	12	4	7.228897
1024	16	14	4	6.987826
1024	16	16	4	6.710127
1024	16	1	8	41.795585
1024	16	2	8	21.082630
1024	16	4	8	11.391265
1024	16	6	8	8.659206
1024	16	8	8	6.821246
1024	16	10	8	7.551537
1024	16	12	8	6.719232
1024	16	14	8	6.538966
1024	16	16	8	6.335015
1024	16	1	16	47.660844
1024	16	2	16	23.909849
1024	16	4	16	13.054733
1024	16	6	16	9.956007
1024	16	8	16	7.874076
1024	16	10	16	8.395721
1024	16	12	16	7.433139
1024	16	14	16	7.153944
1024	16	16	16	6.677330
1024	16	1	32	43.226051
1024	16	2	32	21.723901
1024	16	4	32	11.768437
1024	16	6	32	9.390808
1024	16	8	32	7.091954
1024	16	10	32	8.115407
1024	16	12	32	6.892940
1024	16	14	32	7.012106
1024	16	16	32	6.244214
1024	16	1	64	41.254259
1024	16	2	64	20.759424
1024	16	4	64	11.143401
1024	16	6	64	8.969990
1024	16	8	64	6.777449
1024	16	10	64	7.817175
1024	16	12	64	7.923372
1024	16	14	64	7.718459
1024	16	16	64	6.349875
2048	2	1	4	43.780084
2048	2	2	4	23.001470
2048	2	4	4	12.156732
2048	2	6	4	9.189069
2048	2	8	4	8.830907
2048	2	10	4	8.033598
2048	2	12	4	6.875553
2048	2	14	4	6.763965
2048	2	16	4	6.835778
2048	2	1	8	41.143976
2048	2	2	8	20.945608
2048	2	4	8	11.981442
2048	2	6	8	8.860177
2048	2	8	8	8.285405
2048	2	10	8	7.557140
2048	2	12	8	6.565296
2048	2	14	8	6.596586
2048	2	16	8	6.356593
2048	2	1	16	47.179858
2048	2	2	16	25.034151
2048	2	4	16	13.552817
2048	2	6	16	10.200434
2048	2	8	16	9.076692
2048	2	10	16	7.948842
2048	2	12	16	7.626932
2048	2	14	16	7.011028
2048	2	16	16	6.668866
2048	2	1	32	43.236393
2048	2	2	32	22.282638
2048	2	4	32	12.134305
2048	2	6	32	9.315022
2048	2	8	32	8.209803
2048	2	10	32	7.648485
2048	2	12	32	7.105787
2048	2	14	32	6.675732
2048	2	16	32	6.267025
2048	2	1	64	41.372301
2048	2	2	64	21.715499
2048	2	4	64	11.866182
2048	2	6	64	9.544726
2048	2	8	64	8.402493
2048	2	10	64	7.500183
2048	2	12	64	7.005600
2048	2	14	64	7.446107
2048	2	16	64	6.361010
2048	3	1	4	68.124675
2048	3	2	4	34.528338
2048	3	4	4	19.510370
2048	3	6	4	14.064090
2048	3	8	4	14.496024
2048	3	10	4	12.493416
2048	3	12	4	11.739984
2048	3	14	4	10.882679
2048	3	16	4	11.258614
2048	3	1	8	69.637472
2048	3	2	8	37.501947
2048	3	4	8	21.422233
2048	3	6	8	16.820963
2048	3	8	8	16.288573
2048	3	10	8	15.298112
2048	3	12	8	13.748681
2048	3	14	8	12.863510
2048	3	16	8	12.269035
2048	3	1	16	87.900089
2048	3	2	16	36.260574
2048	3	4	16	19.463500
2048	3	6	16	14.693765
2048	3	8	16	11.703988
2048	3	10	16	11.870805
2048	3	12	16	10.575420
2048	3	14	16	10.104727
2048	3	16	16	9.300680
2048	3	1	32	64.852278
2048	3	2	32	33.465162
2048	3	4	32	18.140323
2048	3	6	32	13.961967
2048	3	8	32	12.538202
2048	3	10	32	11.358905
2048	3	12	32	10.435026
2048	3	14	32	9.924948
2048	3	16	32	9.370322
2048	3	1	64	61.866015
2048	3	2	64	31.826070
2048	3	4	64	17.350109
2048	3	6	64	14.179416
2048	3	8	64	12.667201
2048	3	10	64	10.992738
2048	3	12	64	10.420401
2048	3	14	64	10.374131
2048	3	16	64	8.962132
2048	4	1	4	92.509782
2048	4	2	4	46.566310
2048	4	4	4	26.213548
2048	4	6	4	18.729831
2048	4	8	4	20.303277
2048	4	10	4	17.754323
2048	4	12	4	16.704472
2048	4	14	4	15.661518
2048	4	16	4	12.694745
2048	4	1	8	83.181373
2048	4	2	8	41.224598
2048	4	4	8	22.216110
2048	4	6	8	16.810547
2048	4	8	8	13.636419
2048	4	10	8	14.853179
2048	4	12	8	13.051660
2048	4	14	8	12.233753
2048	4	16	8	11.925534
2048	4	1	16	94.118038
2048	4	2	16	47.401683
2048	4	4	16	25.764688
2048	4	6	16	19.538874
2048	4	8	16	15.458134
2048	4	10	16	15.254247
2048	4	12	16	13.816005
2048	4	14	16	13.348554
2048	4	16	16	12.422792
2048	4	1	32	86.319579
2048	4	2	32	43.327392
2048	4	4	32	23.058923
2048	4	6	32	17.649133
2048	4	8	32	14.074691
2048	4	10	32	14.202649
2048	4	12	32	12.921960
2048	4	14	32	12.573302
2048	4	16	32	11.621095
2048	4	1	64	82.325376
2048	4	2	64	41.308144
2048	4	4	64	22.122861
2048	4	6	64	17.589899
2048	4	8	64	13.375480
2048	4	10	64	15.254297
2048	4	12	64	13.058171
2048	4	14	64	13.168268
2048	4	16	64	11.145619
2048	5	1	4	105.681708
2048	5	2	4	53.254147
2048	5	4	4	29.015451
2048	5	6	4	21.710848
2048	5	8	4	17.532794
2048	5	10	4	19.354958
2048	5	12	4	17.091348
2048	5	14	4	16.009583
2048	5	16	4	15.792485
2048	5	1	8	101.586700
2048	5	2	8	51.066677
2048	5	4	8	27.744100
2048	5	6	8	20.829367
2048	5	8	8	16.995905
2048	5	10	8	18.458025
2048	5	12	8	16.295559
2048	5	14	8	15.206072
2048	5	16	8	14.909333
2048	5	1	16	117.791063
2048	5	2	16	59.100399
2048	5	4	16	32.173279
2048	5	6	16	24.409435
2048	5	8	16	19.417352
2048	5	10	16	19.305048
2048	5	12	16	17.226125
2048	5	14	16	16.692023
2048	5	16	16	15.687479
2048	5	1	32	107.883367
2048	5	2	32	54.094695
2048	5	4	32	29.440006
2048	5	6	32	22.075566
2048	5	8	32	17.590390
2048	5	10	32	18.341255
2048	5	12	32	16.467638
2048	5	14	32	15.544466
2048	5	16	32	14.597814
2048	5	1	64	102.952549
2048	5	2	64	51.654605
2048	5	4	64	27.647361
2048	5	6	64	22.002440
2048	5	8	64	16.729781
2048	5	10	64	18.492534
2048	5	12	64	16.085530
2048	5	14	64	16.131436
2048	5	16	64	13.865618
2048	6	1	4	126.945835
2048	6	2	4	64.012544
2048	6	4	4	34.853707
2048	6	6	4	26.075630
2048	6	8	4	21.098571
2048	6	10	4	23.012030
2048	6	12	4	20.390113
2048	6	14	4	19.258333
2048	6	16	4	18.931233
2048	6	1	8	121.869775
2048	6	2	8	61.090704
2048	6	4	8	33.293603
2048	6	6	8	24.989894
2048	6	8	8	20.389028
2048	6	10	8	21.833832
2048	6	12	8	19.060572
2048	6	14	8	18.266860
2048	6	16	8	17.900979
2048	6	1	16	141.543395
2048	6	2	16	71.162436
2048	6	4	16	38.510956
2048	6	6	16	29.145518
2048	6	8	16	23.204906
2048	6	10	16	23.064508
2048	6	12	16	20.452100
2048	6	14	16	19.751977
2048	6	16	16	18.631587
2048	6	1	32	129.419907
2048	6	2	32	64.922935
2048	6	4	32	34.971816
2048	6	6	32	26.561926
2048	6	8	32	21.109934
2048	6	10	32	21.996655
2048	6	12	32	20.024558
2048	6	14	32	18.656902
2048	6	16	32	17.334366
2048	6	1	64	123.470405
2048	6	2	64	61.914142
2048	6	4	64	33.151496
2048	6	6	64	26.701174
2048	6	8	64	20.081833
2048	6	10	64	22.878846
2048	6	12	64	19.314314
2048	6	14	64	19.657663
2048	6	16	64	16.601425
2048	7	1	4	148.427491
2048	7	2	4	74.663405
2048	7	4	4	40.639771
2048	7	6	4	31.247093
2048	7	8	4	25.072001
2048	7	10	4	26.999328
2048	7	12	4	24.104276
2048	7	14	4	22.608981
2048	7	16	4	22.141580
2048	7	1	8	142.355168
2048	7	2	8	71.286295
2048	7	4	8	39.046302
2048	7	6	8	29.464601
2048	7	8	8	23.795121
2048	7	10	8	25.745036
2048	7	12	8	22.857578
2048	7	14	8	21.238086
2048	7	16	8	20.983702
2048	7	1	16	164.910887
2048	7	2	16	82.798137
2048	7	4	16	44.829932
2048	7	6	16	33.961709
2048	7	8	16	27.018770
2048	7	10	16	26.934481
2048	7	12	16	23.885023
2048	7	14	16	23.377699
2048	7	16	16	21.700826
2048	7	1	32	150.997932
2048	7	2	32	75.831911
2048	7	4	32	41.219400
2048	7	6	32	30.696897
2048	7	8	32	24.629864
2048	7	10	32	25.539807
2048	7	12	32	23.052157
2048	7	14	32	21.802249
2048	7	16	32	20.233965
2048	7	1	64	144.030286
2048	7	2	64	72.235652
2048	7	4	64	38.624017
2048	7	6	64	30.861473
2048	7	8	64	23.535770
2048	7	10	64	25.279513
2048	7	12	64	22.219709
2048	7	14	64	22.441496
2048	7	16	64	19.497479
2048	8	1	4	170.538623
2048	8	2	4	85.234128
2048	8	4	4	46.299702
2048	8	6	4	35.047981
2048	8	8	4	28.105657
2048	8	10	4	31.356565
2048	8	12	4	27.575047
2048	8	14	4	25.777702
2048	8	16	4	25.402396
2048	8	1	8	163.175045
2048	8	2	8	81.587168
2048	8	4	8	44.381146
2048	8	6	8	33.253007
2048	8	8	8	27.145576
2048	8	10	8	29.479267
2048	8	12	8	26.194518
2048	8	14	8	24.430495
2048	8	16	8	23.701916
2048	8	1	16	189.307367
2048	8	2	16	94.656746
2048	8	4	16	51.146161
2048	8	6	16	38.824269
2048	8	8	16	30.935842
2048	8	10	16	31.142289
2048	8	12	16	27.336711
2048	8	14	16	26.599893
2048	8	16	16	25.118482
2048	8	1	32	172.560266
2048	8	2	32	86.706784
2048	8	4	32	47.048581
2048	8	6	32	34.946029
2048	8	8	32	28.245206
2048	8	10	32	29.349731
2048	8	12	32	26.256398
2048	8	14	32	25.075075
2048	8	16	32	23.085473
2048	8	1	64	164.636193
2048	8	2	64	82.557776
2048	8	4	64	44.262228
2048	8	6	64	35.245075
2048	8	8	64	26.896736
2048	8	10	64	29.861600
2048	8	12	64	24.839075
2048	8	14	64	26.102437
2048	8	16	64	22.346191
2048	9	1	4	191.075583
2048	9	2	4	95.995984
2048	9	4	4	52.077892
2048	9	6	4	39.125786
2048	9	8	4	31.625917
2048	9	10	4	34.834362
2048	9	12	4	30.960950
2048	9	14	4	28.733456
2048	9	16	4	28.411753
2048	9	1	8	183.285853
2048	9	2	8	91.884373
2048	9	4	8	49.708139
2048	9	6	8	37.584582
2048	9	8	8	30.575616
2048	9	10	8	32.928025
2048	9	12	8	29.286879
2048	9	14	8	27.420464
2048	9	16	8	26.684585
2048	9	1	16	212.447347
2048	9	2	16	106.663784
2048	9	4	16	57.802197
2048	9	6	16	44.147992
2048	9	8	16	34.807413
2048	9	10	16	34.564174
2048	9	12	16	31.144299
2048	9	14	16	30.085463
2048	9	16	16	28.057620
2048	9	1	32	194.275725
2048	9	2	32	97.351181
2048	9	4	32	52.782621
2048	9	6	32	39.511485
2048	9	8	32	31.663196
2048	9	10	32	33.199981
2048	9	12	32	29.882764
2048	9	14	32	28.148622
2048	9	16	32	25.930228
2048	9	1	64	185.196832
2048	9	2	64	92.877735
2048	9	4	64	49.809250
2048	9	6	64	39.632306
2048	9	8	64	30.183307
2048	9	10	64	32.577139
2048	9	12	64	29.115353
2048	9	14	64	29.128099
2048	9	16	64	25.048014
2048	10	1	4	211.381039
2048	10	2	4	107.159591
2048	10	4	4	58.339099
2048	10	6	4	44.152650
2048	10	8	4	35.697896
2048	10	10	4	38.945837
2048	10	12	4	34.362297
2048	10	14	4	32.211900
2048	10	16	4	31.714403
2048	10	1	8	204.681748
2048	10	2	8	102.673155
2048	10	4	8	56.065088
2048	10	6	8	42.205604
2048	10	8	8	34.278584
2048	10	10	8	36.955349
2048	10	12	8	34.240898
2048	10	14	8	31.842783
2048	10	16	8	30.900909
2048	10	1	16	222.102944
2048	10	2	16	112.544906
2048	10	4	16	61.400459
2048	10	6	16	47.025066
2048	10	8	16	37.152844
2048	10	10	16	39.369728
2048	10	12	16	35.435979
2048	10	14	16	32.066183
2048	10	16	16	31.147531
2048	10	1	32	214.291119
2048	10	2	32	107.935626
2048	10	4	32	58.220975
2048	10	6	32	43.845962
2048	10	8	32	35.232763
2048	10	10	32	35.952991
2048	10	12	32	32.662867
2048	10	14	32	30.901085
2048	10	16	32	28.798925
2048	10	1	64	205.262579
2048	10	2	64	103.227465
2048	10	4	64	55.117328
2048	10	6	64	43.961366
2048	10	8	64	33.555330
2048	10	10	64	36.004052
2048	10	12	64	31.549615
2048	10	14	64	32.027422
2048	10	16	64	27.826282
2048	11	1	4	232.701391
2048	11	2	4	118.210114
2048	11	4	4	64.142958
2048	11	6	4	48.487770
2048	11	8	4	39.195601
2048	11	10	4	42.672028
2048	11	12	4	37.999113
2048	11	14	4	35.332242
2048	11	16	4	35.004478
2048	11	1	8	224.693859
2048	11	2	8	113.384022
2048	11	4	8	61.661356
2048	11	6	8	46.703927
2048	11	8	8	37.805857
2048	11	10	8	40.920100
2048	11	12	8	37.897977
2048	11	14	8	34.860660
2048	11	16	8	34.362419
2048	11	1	16	246.261658
2048	11	2	16	123.607397
2048	11	4	16	67.527097
2048	11	6	16	51.556769
2048	11	8	16	40.861057
2048	11	10	16	43.335529
2048	11	12	16	38.801764
2048	11	14	16	36.044615
2048	11	16	16	34.368663
2048	11	1	32	236.982770
2048	11	2	32	123.651769
2048	11	4	32	64.110959
2048	11	6	32	47.785898
2048	11	8	32	38.795124
2048	11	10	32	39.765515
2048	11	12	32	35.734089
2048	11	14	32	34.359944
2048	11	16	32	31.608284
2048	11	1	64	225.849783
2048	11	2	64	113.472377
2048	11	4	64	60.532340
2048	11	6	64	48.393029
2048	11	8	64	36.894023
2048	11	10	64	39.610386
2048	11	12	64	34.199248
2048	11	14	64	35.583378
2048	11	16	64	30.516872
2048	12	1	4	254.096827
2048	12	2	4	128.482016
2048	12	4	4	69.895161
2048	12	6	4	52.445061
2048	12	8	4	42.715335
2048	12	10	4	47.175976
2048	12	12	4	41.539991
2048	12	14	4	38.757488
2048	12	16	4	38.080157
2048	12	1	8	245.430647
2048	12	2	8	123.735163
2048	12	4	8	67.370918
2048	12	6	8	50.155086
2048	12	8	8	41.113086
2048	12	10	8	44.182838
2048	12	12	8	41.268741
2048	12	14	8	38.028448
2048	12	16	8	37.419327
2048	12	1	16	267.002031
2048	12	2	16	134.652558
2048	12	4	16	73.597061
2048	12	6	16	55.399723
2048	12	8	16	44.658482
2048	12	10	16	47.765719
2048	12	12	16	42.389347
2048	12	14	16	39.108526
2048	12	16	16	37.776323
2048	12	1	32	257.807189
2048	12	2	32	129.118516
2048	12	4	32	69.798922
2048	12	6	32	52.713962
2048	12	8	32	42.385650
2048	12	10	32	43.917641
2048	12	12	32	39.693849
2048	12	14	32	37.281764
2048	12	16	32	34.421227
2048	12	1	64	246.666248
2048	12	2	64	123.655350
2048	12	4	64	65.922855
2048	12	6	64	52.725978
2048	12	8	64	40.191637
2048	12	10	64	42.969504
2048	12	12	64	37.489267
2048	12	14	64	38.727261
2048	12	16	64	33.247710
2048	13	1	4	274.844027
2048	13	2	4	139.386960
2048	13	4	4	75.804898
2048	13	6	4	57.441469
2048	13	8	4	46.259074
2048	13	10	4	50.882633
2048	13	12	4	44.855157
2048	13	14	4	41.960110
2048	13	16	4	41.177851
2048	13	1	8	264.328075
2048	13	2	8	133.983201
2048	13	4	8	72.871222
2048	13	6	8	54.896896
2048	13	8	8	44.465878
2048	13	10	8	48.670357
2048	13	12	8	43.944887
2048	13	14	8	40.614255
2048	13	16	8	40.558523
2048	13	1	16	288.951058
2048	13	2	16	146.076583
2048	13	4	16	79.724208
2048	13	6	16	60.585822
2048	13	8	16	48.161531
2048	13	10	16	51.350766
2048	13	12	16	45.796800
2048	13	14	16	42.573757
2048	13	16	16	40.604882
2048	13	1	32	278.529002
2048	13	2	32	140.339584
2048	13	4	32	75.589185
2048	13	6	32	56.585264
2048	13	8	32	45.757214
2048	13	10	32	47.429706
2048	13	12	32	42.598219
2048	13	14	32	40.764970
2048	13	16	32	37.183380
2048	13	1	64	267.204081
2048	13	2	64	133.990825
2048	13	4	64	71.378198
2048	13	6	64	56.996225
2048	13	8	64	43.691453
2048	13	10	64	45.883872
2048	13	12	64	41.288927
2048	13	14	64	41.874733
2048	13	16	64	35.768948
2048	14	1	4	297.064391
2048	14	2	4	149.820017
2048	14	4	4	81.974570
2048	14	6	4	61.593453
2048	14	8	4	49.800284
2048	14	10	4	54.918256
2048	14	12	4	48.336902
2048	14	14	4	45.088505
2048	14	16	4	44.355012
2048	14	1	8	286.148850
2048	14	2	8	143.683013
2048	14	4	8	78.202842
2048	14	6	8	59.260595
2048	14	8	8	48.054189
2048	14	10	8	52.539511
2048	14	12	8	48.529418
2048	14	14	8	44.410856
2048	14	16	8	43.859226
2048	14	1	16	310.495649
2048	14	2	16	157.441617
2048	14	4	16	86.166929
2048	14	6	16	64.612702
2048	14	8	16	51.976418
2048	14	10	16	55.480406
2048	14	12	16	49.051376
2048	14	14	16	45.645790
2048	14	16	16	43.844587
2048	14	1	32	300.067018
2048	14	2	32	151.189276
2048	14	4	32	81.710860
2048	14	6	32	61.188924
2048	14	8	32	49.406832
2048	14	10	32	51.626387
2048	14	12	32	46.441912
2048	14	14	32	43.836276
2048	14	16	32	40.053606
2048	14	1	64	287.334190
2048	14	2	64	144.476986
2048	14	4	64	77.045941
2048	14	6	64	61.887607
2048	14	8	64	47.044635
2048	14	10	64	49.283598
2048	14	12	64	44.299439
2048	14	14	64	45.241421
2048	14	16	64	38.661543
2048	15	1	4	317.331299
2048	15	2	4	160.726922
2048	15	4	4	87.633845
2048	15	6	4	65.869424
2048	15	8	4	53.360795
2048	15	10	4	59.390558
2048	15	12	4	51.750964
2048	15	14	4	48.110445
2048	15	16	4	47.568229
2048	15	1	8	305.193556
2048	15	2	8	154.617671
2048	15	4	8	84.130953
2048	15	6	8	63.587352
2048	15	8	8	51.587661
2048	15	10	8	55.716301
2048	15	12	8	51.597898
2048	15	14	8	47.113403
2048	15	16	8	46.600850
2048	15	1	16	331.802521
2048	15	2	16	169.675651
2048	15	4	16	92.233740
2048	15	6	16	69.515283
2048	15	8	16	55.685525
2048	15	10	16	59.411017
2048	15	12	16	53.103965
2048	15	14	16	49.145741
2048	15	16	16	46.757926
2048	15	1	32	321.387645
2048	15	2	32	161.968785
2048	15	4	32	87.204870
2048	15	6	32	65.387136
2048	15	8	32	52.869304
2048	15	10	32	55.211295
2048	15	12	32	49.059950
2048	15	14	32	47.362958
2048	15	16	32	43.044815
2048	15	1	64	307.978689
2048	15	2	64	154.565070
2048	15	4	64	82.322780
2048	15	6	64	66.066689
2048	15	8	64	50.410250
2048	15	10	64	56.316101
2048	15	12	64	47.684979
2048	15	14	64	48.339069
2048	15	16	64	41.449740
2048	16	1	4	338.454659
2048	16	2	4	171.731160
2048	16	4	4	93.366811
2048	16	6	4	70.406277
2048	16	8	4	56.998915
2048	16	10	4	62.993552
2048	16	12	4	55.371954
2048	16	14	4	51.383466
2048	16	16	4	50.739038
2048	16	1	8	326.335733
2048	16	2	8	164.820457
2048	16	4	8	89.755020
2048	16	6	8	67.976699
2048	16	8	8	54.856860
2048	16	10	8	60.482200
2048	16	12	8	54.473967
2048	16	14	8	50.576752
2048	16	16	8	49.901483
2048	16	1	16	354.075099
2048	16	2	16	179.642818
2048	16	4	16	98.496712
2048	16	6	16	74.481006
2048	16	8	16	59.341179
2048	16	10	16	63.351995
2048	16	12	16	56.164758
2048	16	14	16	52.187485
2048	16	16	16	49.941316
2048	16	1	32	343.128876
2048	16	2	32	172.674595
2048	16	4	32	93.059865
2048	16	6	32	70.184529
2048	16	8	32	56.454577
2048	16	10	32	58.228945
2048	16	12	32	53.064737
2048	16	14	32	49.477911
2048	16	16	32	45.928447
2048	16	1	64	328.346350
2048	16	2	64	165.186505
2048	16	4	64	88.181475
2048	16	6	64	70.323952
2048	16	8	64	53.666148
2048	16	10	64	59.566277
2048	16	12	64	50.324399
2048	16	14	64	51.613906
2048	16	16	64	44.058150