512	2	1	0.632346
512	2	2	0.346446
512	2	4	0.174323
512	2	6	0.121378
512	2	8	0.090352
512	2	10	0.073506
512	2	12	0.061474
512	2	14	0.057387
512	2	16	0.056086
512	3	1	1.246239
512	3	2	0.687495
512	3	4	0.348431
512	3	6	0.242588
512	3	8	0.182273
512	3	10	0.146050
512	3	12	0.123290
512	3	14	0.105939
512	3	16	0.100680
512	4	1	1.862351
512	4	2	0.992669
512	4	4	0.529064
512	4	6	0.364964
512	4	8	0.262526
512	4	10	0.196586
512	4	12	0.145816
512	4	14	0.121720
512	4	16	0.109641
512	5	1	1.946961
512	5	2	1.004704
512	5	4	0.563074
512	5	6	0.373311
512	5	8	0.281122
512	5	10	0.231620
512	5	12	0.192749
512	5	14	0.164146
512	5	16	0.147407
512	6	1	2.423092
512	6	2	1.260530
512	6	4	0.669841
512	6	6	0.479947
512	6	8	0.353546
512	6	10	0.287787
512	6	12	0.238068
512	6	14	0.210238
512	6	16	0.182567
512	7	1	2.934216
512	7	2	1.549882
512	7	4	0.836316
512	7	6	0.556424
512	7	8	0.429639
512	7	10	0.340859
512	7	12	0.287080
512	7	14	0.246289
512	7	16	0.222417
512	8	1	3.431409
512	8	2	1.757946
512	8	4	0.959029
512	8	6	0.645916
512	8	8	0.496469
512	8	10	0.394581
512	8	12	0.330837
512	8	14	0.288062
512	8	16	0.344861
512	9	1	3.934031
512	9	2	2.091097
512	9	4	1.085698
512	9	6	0.738698
512	9	8	0.564679
512	9	10	0.461242
512	9	12	0.379004
512	9	14	0.330192
512	9	16	0.299089
512	10	1	4.325950
512	10	2	2.335757
512	10	4	1.232318
512	10	6	0.846541
512	10	8	0.635499
512	10	10	0.514330
512	10	12	0.434394
512	10	14	0.369487
512	10	16	0.330823
512	11	1	4.884197
512	11	2	2.542927
512	11	4	1.385009
512	11	6	0.936710
512	11	8	0.706185
512	11	10	0.564428
512	11	12	0.477038
512	11	14	0.411504
512	11	16	0.374258
512	12	1	5.318862
512	12	2	2.838273
512	12	4	1.523062
512	12	6	1.018297
512	12	8	0.773157
512	12	10	0.626583
512	12	12	0.522745
512	12	14	0.450687
512	12	16	0.411982
512	13	1	5.783865
512	13	2	3.146694
512	13	4	1.647028
512	13	6	1.120295
512	13	8	0.850439
512	13	10	0.681397
512	13	12	0.579971
512	13	14	0.498628
512	13	16	0.543510
512	14	1	6.337398
512	14	2	3.350048
512	14	4	1.785397
512	14	6	1.215453
512	14	8	0.932510
512	14	10	0.739694
512	14	12	0.619817
512	14	14	0.533578
512	14	16	0.479681
512	15	1	6.833582
512	15	2	3.629532
512	15	4	1.901426
512	15	6	1.302685
512	15	8	0.982396
512	15	10	0.797989
512	15	12	0.662750
512	15	14	0.575915
512	15	16	0.531671
512	16	1	7.351710
512	16	2	3.827364
512	16	4	2.050887
512	16	6	1.397125
512	16	8	1.063437
512	16	10	0.853074
512	16	12	0.717078
512	16	14	0.618720
512	16	16	0.557747
1024	2	1	3.924877
1024	2	2	2.019654
1024	2	4	1.065760
1024	2	6	0.725341
1024	2	8	0.555370
1024	2	10	0.444340
1024	2	12	0.375924
1024	2	14	0.353427
1024	2	16	0.323825
1024	3	1	7.890309
1024	3	2	4.063397
1024	3	4	2.137412
1024	3	6	1.450753
1024	3	8	1.109393
1024	3	10	0.894965
1024	3	12	0.743580
1024	3	14	0.684517
1024	3	16	0.605663
1024	4	1	11.695184
1024	4	2	6.192267
1024	4	4	3.178637
1024	4	6	2.193110
1024	4	8	1.664441
1024	4	10	1.337345
1024	4	12	1.123518
1024	4	14	0.963330
1024	4	16	0.862851
1024	5	1	15.569076
1024	5	2	8.186790
1024	5	4	4.221698
1024	5	6	2.919895
1024	5	8	2.171850
1024	5	10	1.781615
1024	5	12	1.479350
1024	5	14	1.316698
1024	5	16	1.296341
1024	6	1	19.459170
1024	6	2	10.278341
1024	6	4	5.359560
1024	6	6	3.629906
1024	6	8	2.757824
1024	6	10	2.244557
1024	6	12	1.926376
1024	6	14	1.625165
1024	6	16	1.460904
1024	7	1	23.157349
1024	7	2	12.369848
1024	7	4	6.439017
1024	7	6	4.386603
1024	7	8	3.326047
1024	7	10	2.687242
1024	7	12	2.247547
1024	7	14	1.976169
1024	7	16	1.970303
1024	8	1	27.073452
1024	8	2	14.347179
1024	8	4	7.429780
1024	8	6	5.150633
1024	8	8	3.873347
1024	8	10	3.120190
1024	8	12	2.624109
1024	8	14	2.253856
1024	8	16	2.023893
1024	9	1	30.990920
1024	9	2	14.805785
1024	9	4	7.099794
1024	9	6	4.967494
1024	9	8	3.772672
1024	9	10	3.101981
1024	9	12	2.666432
1024	9	14	2.366982
1024	9	16	2.150582
1024	10	1	27.250830
1024	10	2	14.607501
1024	10	4	7.628733
1024	10	6	5.615825
1024	10	8	4.262471
1024	10	10	3.555281
1024	10	12	3.041805
1024	10	14	2.688732
1024	10	16	2.439108
1024	11	1	30.125921
1024	11	2	15.919734
1024	11	4	8.442574
1024	11	6	6.338378
1024	11	8	4.754516
1024	11	10	3.945179
1024	11	12	3.424395
1024	11	14	3.011298
1024	11	16	2.741243
1024	12	1	33.366574
1024	12	2	17.563320
1024	12	4	10.029712
1024	12	6	6.893425
1024	12	8	5.339042
1024	12	10	4.348047
1024	12	12	3.766083
1024	12	14	3.337080
1024	12	16	3.017245
1024	13	1	36.072406
1024	13	2	19.913945
1024	13	4	10.297509
1024	13	6	7.522920
1024	13	8	5.720975
1024	13	10	4.748646
1024	13	12	4.100764
1024	13	14	3.640442
1024	13	16	3.307119
1024	14	1	39.450849
1024	14	2	21.485128
1024	14	4	11.633920
1024	14	6	8.155025
1024	14	8	6.211441
1024	14	10	5.147662
1024	14	12	4.440859
1024	14	14	3.925510
1024	14	16	3.593155
1024	15	1	41.949417
1024	15	2	21.956939
1024	15	4	12.374923
1024	15	6	8.569097
1024	15	8	6.697845
1024	15	10	5.540301
1024	15	12	4.792608
1024	15	14	4.245296
1024	15	16	3.887312
1024	16	1	45.632666
1024	16	2	24.151763
1024	16	4	13.101429
1024	16	6	9.381649
1024	16	8	7.265332
1024	16	10	5.978173
1024	16	12	5.165321
1024	16	14	4.565962
1024	16	16	4.162784
2048	2	1	24.479888
2048	2	2	12.597497
2048	2	4	7.346521
2048	2	6	4.970051
2048	2	8	3.791689
2048	2	10	3.121562
2048	2	12	2.731657
2048	2	14	2.417653
2048	2	16	2.233456
2048	3	1	48.665713
2048	3	2	25.409098
2048	3	4	13.839006
2048	3	6	9.836085
2048	3	8	7.546477
2048	3	10	6.321902
2048	3	12	5.478105
2048	3	14	4.881549
2048	3	16	4.508959
2048	4	1	72.852791
2048	4	2	37.900350
2048	4	4	21.538535
2048	4	6	14.819485
2048	4	8	11.664948
2048	4	10	9.625927
2048	4	12	8.348752
2048	4	14	7.524156
2048	4	16	7.260710
2048	5	1	97.305144
2048	5	2	50.936795
2048	5	4	27.815877
2048	5	6	19.989545
2048	5	8	15.336015
2048	5	10	12.745391
2048	5	12	11.071121
2048	5	14	9.921768
2048	5	16	9.170320
2048	6	1	121.493742
2048	6	2	63.967873
2048	6	4	34.733435
2048	6	6	24.663728
2048	6	8	19.120256
2048	6	10	15.841098
2048	6	12	13.835118
2048	6	14	12.400050
2048	6	16	11.457996
2048	7	1	145.762258
2048	7	2	77.582871
2048	7	4	41.289224
2048	7	6	29.545979
2048	7	8	22.979307
2048	7	10	19.068903
2048	7	12	16.660118
2048	7	14	14.976250
2048	7	16	13.788824
2048	8	1	170.880433
2048	8	2	89.967405
2048	8	4	48.651885
2048	8	6	34.803126
2048	8	8	26.880630
2048	8	10	22.238965
2048	8	12	19.494867
2048	8	14	17.521704
2048	8	16	16.101222
2048	9	1	194.860096
2048	9	2	103.160469
2048	9	4	55.424599
2048	9	6	39.432610
2048	9	8	30.497502
2048	9	10	25.641270
2048	9	12	22.252835
2048	9	14	20.034656
2048	9	16	18.605742
2048	10	1	217.610440
2048	10	2	117.333636
2048	10	4	63.448520
2048	10	6	44.615804
2048	10	8	34.560531
2048	10	10	28.832760
2048	10	12	25.226373
2048	10	14	22.649526
2048	10	16	20.855230
2048	11	1	244.093537
2048	11	2	129.980407
2048	11	4	70.057522
2048	11	6	48.966212
2048	11	8	38.570269
2048	11	10	32.180219
2048	11	12	27.902124
2048	11	14	25.107689
2048	11	16	23.156466
2048	12	1	267.500642
2048	12	2	140.751731
2048	12	4	76.849672
2048	12	6	55.077897
2048	12	8	42.536745
2048	12	10	35.245282
2048	12	12	30.750306
2048	12	14	27.593629
2048	12	16	25.606511
2048	13	1	290.740647
2048	13	2	154.551301
2048	13	4	83.406551
2048	13	6	59.486272
2048	13	8	46.536343
2048	13	10	38.495818
2048	13	12	33.528026
2048	13	14	30.102329
2048	13	16	27.807295
2048	14	1	315.290707
2048	14	2	165.814545
2048	14	4	91.017562
2048	14	6	64.491135
2048	14	8	50.090624
2048	14	10	41.803480
2048	14	12	36.364092
2048	14	14	32.730975
2048	14	16	30.202070
2048	15	1	339.969916
2048	15	2	180.228498
2048	15	4	97.176147
2048	15	6	69.148900
2048	15	8	54.175255
2048	15	10	44.920908
2048	15	12	39.159231
2048	15	14	35.083726
2048	15	16	32.603028
2048	16	1	363.765166
2048	16	2	194.965140
2048	16	4	102.617381
2048	16	6	73.691395
2048	16	8	57.783842
2048	16	10	48.405518
2048	16	12	42.106641
2048	16	14	37.808830
2048	16	16	34.996317